ID    NODE LAT     NODE LON     FRIENDS LIST                           CENTROID COORD LIST 
0     89.9999985212206610 180.0000000000000000 {   43,   44,   45,   46,   42,   -1}, {(  80.3601518338494145,  108.0000072721743010), (  80.3601523358615282,  35.9999966855184184), (  80.3601507331649572,  323.9999906793643163), (  80.3601492406328646,  251.9999975540126798), (  80.3601499208930221,  180.0000078089304623), ( -1.0000000000000000, -1.0000000000000000)} 
1     -89.9999985212206610 180.0000000000000000 {   48,   49,   50,   51,   47,   -1}, {( -80.3601492852177586,  36.0000033082145450), ( -80.3601497887739100,  107.9999927415720009), ( -80.3601517076096741,  179.9999922058299830), ( -80.3601523899607884,  252.0000024413671440), ( -80.3601508928396271,  324.0000093030170660), ( -1.0000000000000000, -1.0000000000000000)} 
2     26.3395827867564911 216.0000002684876677 {   54,   55,   52,   56,   53,   -1}, {(  23.2282542680469959,  205.9856653903953259), (  34.0172397987263295,  209.2240961421028089), (  34.0172396696606967,  222.7759045869134695), (  23.2282540777586952,  226.0143350669216318), (  16.5222718950525689,  216.0000001609325579), ( -1.0000000000000000, -1.0000000000000000)} 
3     26.3395832644860590 287.9999994109201680 {   60,   58,   57,   61,   59,   -1}, {(  23.2282544331794618,  277.9856646247454819), (  34.0172400681953633,  281.2240949406165100), (  34.0172403513729975,  294.7759034598763037), (  23.2282548506843476,  298.0143343718723941), (  16.5222723728616856,  287.9999996469039729), ( -1.0000000000000000, -1.0000000000000000)} 
4     26.3395850849131783 0.0000000000000000 {   65,   63,   62,   66,   64,   -1}, {(  23.2282562050462218,  349.9856644532018208), (  34.0172418700214081,  353.2240947397399395), (  34.0172421741008577,  6.7759035426943246), (  23.2282566533662020,  10.0143344693583067), (  16.5222741935907749,  0.0000000000000000), ( -1.0000000000000000, -1.0000000000000000)} 
5     26.3395857322685991 72.0000001981367888 {   70,   68,   67,   71,   69,   -1}, {(  23.2282571349865812,  61.9856651128313914), (  34.0172427141420499,  65.2240958170786911), (  34.0172426188950894,  78.7759047209154346), (  23.2282569945591995,  82.0143352246555679), (  16.5222748410528801,  72.0000001187637082), ( -1.0000000000000000, -1.0000000000000000)} 
6     26.3395843119298263 144.0000007550139287 {   76,   74,   72,   73,   75,   -1}, {(  23.2282559378548576,  133.9856656920481441), (  34.0172414340116660,  137.2240966837860014), (  34.0172410710664153,  150.7759053662787210), (  23.2282554027460613,  154.0143355939703724), (  16.5222734204787791,  144.0000004525578845), ( -1.0000000000000000, -1.0000000000000000)} 
7     -26.3395841602253498 143.9999992449840818 {   81,   79,   78,   80,   77,   -1}, {( -23.2282552538240132,  133.9856644172094491), ( -16.5222732687471954,  143.9999995474068726), ( -23.2282557888698449,  154.0143342967059823), ( -34.0172412830122894,  150.7759033044049772), ( -34.0172409200441095,  137.2240946455643495), ( -1.0000000000000000, -1.0000000000000000)} 
8     -26.3395856851312189 215.9999997315119629 {   82,   85,   83,   84,   86,   -1}, {( -34.0172425547646355,  209.2240951871479524), ( -23.2282569235698482,  205.9856647188453280), ( -16.5222747939431223,  215.9999998390547375), ( -23.2282571138354044,  226.0143348238156022), ( -34.0172426838392283,  222.7759040838479052), ( -1.0000000000000000, -1.0000000000000000)} 
9     -26.3395852074849621 288.0000005890812531 {   90,   88,   89,   91,   87,   -1}, {( -23.2282567584142079,  277.9856654845439152), ( -16.5222743162057171,  288.0000003531237098), ( -23.2282563409587937,  298.0143355188901069), ( -34.0172420022923632,  294.7759052108384026), ( -34.0172422854882157,  281.2240963886430336), ( -1.0000000000000000, -1.0000000000000000)} 
10    -26.3395833873778109 0.0000006325599900 {   95,   93,   94,   96,   92,   -1}, {( -23.2282549865969479,  349.9856656561370301), ( -16.5222724957531106,  0.0000003791879639), ( -23.2282545383297219,  10.0143354213594407), ( -34.0172401802456363,  6.7759051279137363), ( -34.0172404843456206,  353.2240965896242528), ( -1.0000000000000000, -1.0000000000000000)} 
11    -26.3395827401354197 71.9999998018638649 {  101,   98,   99,  100,   97,   -1}, {( -23.2282540567096412,  61.9856649964882251), ( -16.5222718483883035,  71.9999998812277937), ( -23.2282541971198171,  82.0143346660087786), ( -34.0172397357071929,  78.7759039496737188), ( -34.0172396404542638,  65.2240955123433963), ( -1.0000000000000000, -1.0000000000000000)} 
12    58.2320000645889166 216.0000008844948525 {  104,  102,   42,  103,  105,   52}, {(  56.8294052280958155,  196.9950696115251105), (  65.6266888285776560,  201.7614511786236164), (  65.6266885524575372,  230.2385511782232186), (  56.8294048688891138,  235.0049319713712634), (  49.8007364997104389,  224.9952382244906630), (  49.8007366723286040,  207.0047630521118549)} 
13    58.2320016138571290 144.0000024872793460 {  108,  106,   43,  102,  107,   72}, {(  56.8294069996960971,  124.9950702843481309), (  65.6266905984843589,  129.7614524993724388), (  65.6266898220072079,  158.2385541283008195), (  56.8294059895737576,  163.0049341669005685), (  49.8007378660719056,  152.9952396560043724), (  49.8007383514879933,  135.0047639339230159)} 
14    58.2320030566331610 72.0000006527305914 {  110,  109,   44,  106,  111,   67}, {(  56.8294079739166094,  52.9950679337687731), (  65.6266917273972723,  57.7614492965109250), (  65.6266915236289492,  86.2385524427709242), (  56.8294077088325977,  91.0049332343611610), (  49.8007394631770879,  80.9952385880478971), (  49.8007395905633601,  63.0047623540485091)} 
15    58.2320023990506002 0.0000000000000000 {  113,  112,   45,  109,  114,   62}, {(  56.8294068044169478,  340.9950658082050268), (  65.6266906551979616,  345.7614459962827596), (  65.6266913057387882,  14.2385484509796836), (  56.8294076507090153,  19.0049304624891775), (  49.8007390838825827,  8.9952364964999774), (  49.8007386771951488,  351.0047604958198235)} 
16    58.2320005498653330 287.9999980593681244 {  115,  103,   46,  112,  116,   57}, {(  56.8294051074071191,  268.9950668451161846), (  65.6266888636284023,  273.7614471594925476), (  65.6266894694539786,  302.2385476694454383), (  56.8294058955274011,  307.0049296819184406), (  49.8007372523592409,  296.9952362718091763), (  49.8007368736265761,  279.0047609272481282)} 
17    -58.2320025214046524 288.0000019410688878 {  118,  119,   87,  120,  117,   47}, {( -56.8294077374243187,  268.9950693489896594), ( -49.8007391910559463,  279.0047633776650855), ( -49.8007388121577108,  296.9952394235339739), ( -56.8294069501836461,  307.0049341259236257), ( -65.6266907978400269,  302.2385538787541464), ( -65.6266914025771371,  273.7614512925921417)} 
18    -58.2320006765808103 0.0000020843405029 {  117,  122,   92,  123,  121,   48}, {( -56.8294060406465320,  340.9950703860714043), ( -49.8007373902674857,  351.0047638099925962), ( -49.8007369834028566,  8.9952391979635760), ( -56.8294051953005734,  19.0049333453266982), ( -65.6266889664002377,  14.2385530969118062), ( -65.6266896157721789,  345.7614524561314511)} 
19    -58.2320000205494424 71.9999993471226247 {  121,  126,   97,  125,  124,   49}, {( -56.8294048718629696,  52.9950682591700968), ( -49.8007364777693979,  63.0047619519004840), ( -49.8007366052118314,  80.9952371059197560), ( -56.8294051366504078,  91.0049305720462769), ( -65.6266887494516169,  86.2385491048066086), ( -65.6266885460494507,  57.7614491558172176)} 
20    -58.2320014599232820 143.9999975121605758 {  124,  129,   77,  128,  127,   50}, {( -56.8294058462918201,  124.9950659075926751), ( -49.8007377146024339,  135.0047603712098976), ( -49.8007382002309669,  152.9952360385347561), ( -56.8294068552861233,  163.0049296386631283), ( -65.6266904468105565,  158.2385474193928303), ( -65.6266896717278314,  129.7614459525717052)} 
21    -58.2320030055368036 215.9999991153077872 {   51,  127,  130,   82,  131,  118}, {( -65.6266914371596926,  201.7614472731711999), ( -56.8294076173064155,  196.9950665811386443), ( -49.8007393915059211,  207.0047612523818543), ( -49.8007395641983095,  224.9952374708997240), ( -56.8294079761112769,  235.0049318350808107), ( -65.6266917127834262,  230.2385503698549485)} 
22    -0.0000015426755783 234.9391831339345629 {   84,  132,   53,  133,  134,  145}, {( -3.5291856011808274,  225.4695915481086104), (  3.5291825729151056,  225.4695915858160618), (  9.8759673430090764,  235.0515572113283156), (  5.4553368255689705,  243.4695915496809846), ( -5.4553398922648517,  243.4695915842578131), ( -9.8759704286110761,  235.0515571937339132)} 
23    -0.0000011879615076 197.0608168660498052 {  135,  137,  136,   54,  132,   83}, {( -5.4553393870931535,  188.5304083225308602), (  5.4553373307568007,  188.5304085435067236), (  9.8759676998802117,  196.9484429659573834), (  3.5291827527453723,  206.5304084806507205), ( -3.5291854213625324,  206.5304083853892223), ( -9.8759700717410617,  196.9484426289541545)} 
24    31.7783940708943753 180.0000007931894004 {  139,   73,  107,  104,   55,  136}, {(  25.5159598251393369,  171.1824067259164508), (  37.1827907541349703,  169.9021718245101340), (  42.0365717349793542,  180.0000011556681159), (  37.1827902967859174,  190.0978300927124280), (  25.5159594277504524,  188.8175944776079973), (  21.5932851800011711,  180.0000005078744891)} 
25    31.7783934250844098 251.9999997515496375 {  133,   56,  105,  115,   58,  140}, {(  25.5159589270733491,  243.1824059821132664), (  37.1827898159504215,  241.9021706508728187), (  42.0365710889834929,  251.9999996380112179), (  37.1827899592060476,  262.0978287485968963), (  25.5159590515472843,  260.8175936409075462), (  21.5932845345553055,  251.9999998409186048)} 
26    -0.0000005261448704 306.9391831339609098 {   89,  141,   59,  142,  143,  151}, {( -3.5291848445481913,  297.4695916495728056), (  3.5291833295683008,  297.4695914844108984), (  9.8759683626728219,  307.0515569545167978), (  5.4553380545416355,  315.4695914219158794), ( -5.4553386633236105,  315.4695917120604918), ( -9.8759694089523951,  307.0515574505831751)} 
27    -0.0000013044081283 269.0608168660752995 {  144,  134,  140,   60,  141,   88}, {( -5.4553397717014347,  260.5304084924534891), (  5.4553369461285319,  260.5304083736260168), (  9.8759675796762991,  268.9484426565078365), (  3.5291829350105441,  278.5304083697591864), ( -3.5291852390813943,  278.5304084963388505), ( -9.8759701919460792,  268.9484429384501709)} 
28    31.7783948420331868 323.9999990532602396 {  142,   61,  116,  113,   63,  146}, {(  25.5159601500643340,  315.1824053504371932), (  37.1827910141883038,  313.9021696199322378), (  42.0365725063392972,  323.9999986206099720), (  37.1827915600740653,  334.0978280916969538), (  25.5159606243822950,  332.8175932130531578), (  21.5932859507043773,  323.9999993938087073)} 
29    0.0000012175004328 18.9391831339635921 {   94,  147,   64,  148,  149,  157}, {( -3.5291830410856235,  9.4695916368856050), (  3.5291851330425983,  9.4695914971024333), (  9.8759701053009952,  19.0515570404520140), (  5.4553397041679865,  27.4695914946139474), ( -5.4553370137205413,  27.4695916393556026), ( -9.8759676663351623,  19.0515573646319858)} 
30    0.0000003817927188 341.0608168660740489 {  150,  143,  146,   65,  147,   93}, {( -5.4553382039080338,  332.5304085802522422), (  5.4553385139441843,  332.5304082858373818), (  9.8759692645115429,  340.9484425418627893), (  3.5291847093620672,  350.5304083463031475), ( -3.5291834647395781,  350.5304085197953441), ( -9.8759685071227050,  340.9484430531157955)} 
31    31.7783963635673139 35.9999996633324884 {  148,   66,  114,  110,   68,  152}, {(  25.5159618039801686,  27.1824057038429032), (  37.1827926929252470,  25.9021701564128151), (  42.0365740283106959,  35.9999995094802117), (  37.1827928870456432,  46.0978290298272739), (  25.5159619726517128,  44.8175937853249948), (  21.5932874713789822,  35.9999997844343511)} 
32    0.0000012786001986 90.9391831339394088 {   99,  153,   69,  154,  155,  161}, {( -3.5291826831173361,  81.4695915275801070), (  3.5291854909976927,  81.4695916063517558), (  9.8759701626400744,  91.0515573503750062), (  5.4553394947214375,  99.4695916673080376), ( -5.4553372231512505,  99.4695914666200025), ( -9.8759676089984634,  91.0515570546623394)} 
33    0.0000015403690216 53.0608168660488673 {  156,  149,  152,   70,  153,   98}, {( -5.4553368503493909,  44.5304084645931795), (  5.4553398675350913,  44.5304084014616421), (  9.8759704260006238,  52.9484427804570643), (  3.5291856237068076,  62.5304084426984872), ( -3.5291825504165799,  62.5304084233428625), ( -9.8759673456388271,  52.9484428144877057)} 
34    31.7783958869772647 108.0000007386688736 {  154,   71,  111,  108,   74,  158}, {(  25.5159616031663958,  99.1824065539360191), (  37.1827925322028321,  97.9021715189168731), (  42.0365735515837216,  108.0000010762322233), (  37.1827921062906981,  118.0978302665225357), (  25.5159612330920815,  116.8175945668626383), (  21.5932869950582216,  108.0000004729649703)} 
35    -0.0000004272819081 162.9391831339223131 {   78,  159,   75,  139,  137,  138}, {( -3.5291842653417036,  153.4695914727129207), (  3.5291839087509218,  153.4695916611796633), (  9.8759684554504279,  163.0515574559825325), (  5.4553377156492209,  171.4695917013421536), ( -5.4553390021893717,  171.4695914325680235), ( -9.8759693161782991,  163.0515569490421512)} 
36    0.0000005702074423 125.0608168660332922 {  160,  155,  158,   76,  159,   79}, {( -5.4553375815984015,  116.5304083053119655), (  5.4553391362854438,  116.5304085607099580), (  9.8759694590055158,  124.9484430425623458), (  3.5291844144503632,  134.5304085257290296), ( -3.5291837596760525,  134.5304083402745619), ( -9.8759683126257816,  124.9484425523408362)} 
37    -31.7783957644594892 179.9999992067785968 {  128,   80,  138,  135,   85,  130}, {( -37.1827919695213964,  169.9021696837299373), ( -25.5159610985860716,  171.1824054005599294), ( -21.5932868726265070,  179.9999994921003861), ( -25.5159614959857954,  188.8175933958567612), ( -37.1827924267787253,  190.0978283989688293), ( -42.0365734290010664,  179.9999988440371226)} 
38    -31.7783939485240055 107.9999992613023778 {  125,  100,  161,  160,   81,  129}, {( -37.1827901917719643,  97.9021699892789030), ( -25.5159593206425974,  99.1824055725261502), ( -21.5932850576795907,  107.9999995270119939), ( -25.5159596907263406,  116.8175933066212906), ( -37.1827906175995295,  118.0978282252084597), ( -42.0365716126070978,  107.9999989234939335)} 
39    -31.7783964102179368 252.0000002484607933 {  131,   86,  145,  144,   90,  119}, {( -37.1827929075308887,  241.9021708574363174), ( -25.5159619966301392,  243.1824061444082758), ( -21.5932875180332822,  252.0000001590895522), ( -25.5159618721525128,  260.8175942325897836), ( -37.1827927643048923,  262.0978297431198598), ( -42.0365740749221999,  252.0000003620819484)} 
40    -31.7783949933836460 324.0000009467786981 {  120,   91,  151,  150,   95,  122}, {( -37.1827917095042366,  313.9021718883755625), ( -25.5159607737080343,  315.1824067760977641), ( -21.5932861019706870,  324.0000006062224429), ( -25.5159602993774364,  332.8175946604836781), ( -37.1827911637273090,  334.0978304000915955), ( -42.0365726577306233,  324.0000013797420024)} 
41    -31.7783934719733558 36.0000003366817225 {  123,   96,  157,  156,  101,  126}, {( -37.1827900310732105,  25.9021713518250749), ( -25.5159591198571007,  27.1824064226550028), ( -21.5932845813883603,  36.0000002155769536), ( -25.5159589511815241,  44.8175940882039754), ( -37.1827898369917733,  46.0978294619702993), ( -42.0365711359365548,  36.0000004906456752)} 
42    74.3515380802704158 216.0000019824015851 {  102,   43,    0,   46,  103,   12}, {(  72.7225257208639704,  180.0000042178857029), (  80.3601499208929795,  180.0000078089304623), (  80.3601492406328646,  251.9999975540126513), (  72.7225250691720788,  251.9999986788332649), (  65.6266885524575372,  230.2385511782232186), (  65.6266888285776560,  201.7614511786236164)} 
43    74.3515396599654679 144.0000055747013050 {  106,   44,    0,   42,  102,   13}, {(  72.7225275534834452,  108.0000039279633768), (  80.3601518338494145,  108.0000072721743010), (  80.3601499208930221,  180.0000078089304623), (  72.7225257208639704,  180.0000042178857029), (  65.6266898220072079,  158.2385541283008195), (  65.6266905984843589,  129.7614524993724388)} 
44    74.3515411310783492 72.0000014629527811 {  109,   45,    0,   43,  106,   14}, {(  72.7225280344121643,  35.9999982097292772), (  80.3601523358615282,  35.9999966855184184), (  80.3601518338494145,  108.0000072721743010), (  72.7225275534834452,  108.0000039279633768), (  65.6266915236289492,  86.2385524427709242), (  65.6266917273972723,  57.7614492965109250)} 
45    74.3515404605805657 0.0000000000000000 {  112,   46,    0,   44,  109,   15}, {(  72.7225264990240419,  323.9999949655885416), (  80.3601507331649572,  323.9999906793643163), (  80.3601523358615282,  35.9999966855184184), (  72.7225280344121643,  35.9999982097292772), (  65.6266913057387882,  14.2385484509796836), (  65.6266906551979616,  345.7614459962827596)} 
46    74.3515385750773135 287.9999956504896090 {  103,   42,    0,   45,  112,   16}, {(  72.7225250691720788,  251.9999986788332649), (  80.3601492406328646,  251.9999975540126513), (  80.3601507331649572,  323.9999906793643163), (  72.7225264990240419,  323.9999949655885416), (  65.6266894694539786,  302.2385476694454383), (  65.6266888636284023,  273.7614471594925476)} 
47    -74.3515405850478004 288.0000043447973894 {    1,   51,  118,   17,  117,   48}, {( -80.3601523899607884,  252.0000024413671440), ( -72.7225280803511680,  252.0000013195221413), ( -65.6266914025771086,  273.7614512925921417), ( -65.6266907978400269,  302.2385538787541464), ( -72.7225266516947357,  324.0000050281372523), ( -80.3601508928396271,  324.0000093030170660)} 
48    -74.3515387045349740 0.0000046654854313 {   47,  117,   18,  121,   49,    1}, {( -72.7225266516947073,  324.0000050281372523), ( -65.6266896157721789,  345.7614524561314511), ( -65.6266889664002377,  14.2385530969118062), ( -72.7225251175895409,  36.0000017880396541), ( -80.3601492852177586,  36.0000033082145450), ( -80.3601508928396271,  324.0000093030170660)} 
49    -74.3515380358123394 71.9999985386325960 {   48,  121,   19,  124,   50,    1}, {( -72.7225251175895409,  36.0000017880396541), ( -65.6266885460494507,  57.7614491558172176), ( -65.6266887494516169,  86.2385491048066086), ( -72.7225255981162206,  107.9999960769306853), ( -80.3601497887739100,  107.9999927415720009), ( -80.3601492852177586,  36.0000033082145450)} 
50    -74.3515395030315034 143.9999944313352387 {   49,  124,   20,  127,   51,    1}, {( -72.7225255981162206,  107.9999960769306853), ( -65.6266896717278314,  129.7614459525717052), ( -65.6266904468105565,  158.2385474193928303), ( -72.7225274292045043,  179.9999957873710059), ( -80.3601517076096741,  179.9999922058299830), ( -80.3601497887739100,  107.9999927415720009)} 
51    -74.3515410785455515 215.9999980197500520 {    1,   50,  127,   21,  118,   47}, {( -80.3601517076096741,  179.9999922058299830), ( -72.7225274292045043,  179.9999957873710059), ( -65.6266914371596926,  201.7614472731711999), ( -65.6266917127834262,  230.2385503698549201), ( -72.7225280803511680,  252.0000013195221698), ( -80.3601523899607884,  252.0000024413671440)} 
52    42.0678329023720394 216.0000004913012503 {   55,  104,   12,  105,   56,    2}, {(  39.8924683870508616,  202.8283746193634727), (  49.8007366723286040,  207.0047630521118265), (  49.8007364997104389,  224.9952382244906630), (  39.8924681363377047,  229.1716262655754974), (  34.0172396696606967,  222.7759045869134980), (  34.0172397987263295,  209.2240961421028089)} 
53    13.6264618775072339 225.7168506021491510 {  132,   54,    2,   56,  133,   22}, {(  10.1294311675800266,  216.0000000964722915), (  16.5222718950525689,  216.0000001609325579), (  23.2282540777586952,  226.0143350669216318), (  20.1673956024161640,  233.8256512409285506), (  9.8759673430090764,  235.0515572113282872), (  3.5291825729151056,  225.4695915858160618)} 
54    13.6264620619389749 206.2831496566652447 {   23,  136,   55,    2,   53,  132}, {(  9.8759676998802242,  196.9484429659573834), (  20.1673959380152148,  198.1743491395259582), (  23.2282542680469852,  205.9856653903953259), (  16.5222718950525689,  216.0000001609325579), (  10.1294311675800266,  216.0000000964722915), (  3.5291827527453723,  206.5304084806507205)} 
55    30.2999506145436435 198.6952977121530921 {  136,   24,  104,   52,    2,   54}, {(  25.5159594277504524,  188.8175944776079973), (  37.1827902967859174,  190.0978300927124280), (  39.8924683870508616,  202.8283746193634727), (  34.0172397987263295,  209.2240961421028089), (  23.2282542680469959,  205.9856653903953259), (  20.1673959380152290,  198.1743491395259582)} 
56    30.2999502881250429 233.3047028937205027 {   53,    2,   52,  105,   25,  133}, {(  23.2282540777586952,  226.0143350669216318), (  34.0172396696606967,  222.7759045869134980), (  39.8924681363377047,  229.1716262655754974), (  37.1827898159504215,  241.9021706508728187), (  25.5159589270733491,  243.1824059821132664), (  20.1673956024161640,  233.8256512409285506)} 
57    42.0678333824132054 287.9999989220539760 {   58,  115,   16,  116,   61,    3}, {(  39.8924684515019194,  274.8283731154741645), (  49.8007368736265761,  279.0047609272481282), (  49.8007372523592409,  296.9952362718091763), (  39.8924690015825192,  301.1716249429137520), (  34.0172403513729904,  294.7759034598763037), (  34.0172400681953704,  281.2240949406165100)} 
58    30.2999505487162395 270.6952966625605654 {  140,   25,  115,   57,    3,   60}, {(  25.5159590515472843,  260.8175936409075462), (  37.1827899592060476,  262.0978287485968963), (  39.8924684515019194,  274.8283731154741645), (  34.0172400681953633,  281.2240949406165100), (  23.2282544331794476,  277.9856646247454819), (  20.1673958559352151,  270.1743484791650758)} 
59    13.6264626413080130 297.7168502076974619 {  141,   60,    3,   61,  142,   26}, {(  10.1294316427216025,  287.9999997883334117), (  16.5222723728616749,  287.9999996469039729), (  23.2282548506843476,  298.0143343718723941), (  20.1673965922606335,  305.8256506860937520), (  9.8759683626728219,  307.0515569545167978), (  3.5291833295682884,  297.4695914844108984)} 
60    13.6264622366543353 278.2831492244472997 {   27,  140,   58,    3,   59,  141}, {(  9.8759675796762991,  268.9484426565078365), (  20.1673958559352151,  270.1743484791650758), (  23.2282544331794476,  277.9856646247454819), (  16.5222723728616856,  287.9999996469039729), (  10.1294316427216149,  287.9999997883334117), (  3.5291829350105441,  278.5304083697591864)} 
61    30.2999512648999918 305.3047020081167489 {   59,    3,   57,  116,   28,  142}, {(  23.2282548506843476,  298.0143343718723941), (  34.0172403513729904,  294.7759034598763037), (  39.8924690015825192,  301.1716249429137520), (  37.1827910141882967,  313.9021696199322378), (  25.5159601500643340,  315.1824053504371932), (  20.1673965922606442,  305.8256506860937520)} 
62    42.0678352116495802 0.0000000000000000 {   63,  113,   15,  114,   66,    4}, {(  39.8924702025419435,  346.8283726985287672), (  49.8007386771951488,  351.0047604958198804), (  49.8007390838825685,  8.9952364964999774), (  39.8924707932240921,  13.1716252165503676), (  34.0172421741008506,  6.7759035426943601), (  34.0172418700214010,  353.2240947397399395)} 
63    30.2999522579056269 342.6952963010547819 {  146,   28,  113,   62,    4,   65}, {(  25.5159606243822950,  332.8175932130531578), (  37.1827915600740653,  334.0978280916969538), (  39.8924702025419435,  346.8283726985287103), (  34.0172418700214081,  353.2240947397399395), (  23.2282562050462218,  349.9856644532018208), (  20.1673975583178731,  342.1743482473016797)} 
64    13.6264644443887093 9.7168502586993402 {  147,   65,    4,   66,  148,   29}, {(  10.1294334532874561,  0.0000000000000000), (  16.5222741935907749,  0.0000000000000000), (  23.2282566533662020,  10.0143344693583067), (  20.1673983489913979,  17.8256508563458738), (  9.8759701053009952,  19.0515570404520140), (  3.5291851330425983,  9.4695914971024333)} 
65    13.6264640098677550 350.2831491315333778 {   30,  146,   63,    4,   64,  147}, {(  9.8759692645115429,  340.9484425418627893), (  20.1673975583178731,  342.1743482473016797), (  23.2282562050462218,  349.9856644532018208), (  16.5222741935907749,  0.0000000000000000), (  10.1294334532874561,  0.0000000000000000), (  3.5291847093620672,  350.5304083463031475)} 
66    30.2999530269505897 17.3047022715051675 {   64,    4,   62,  114,   31,  148}, {(  23.2282566533662020,  10.0143344693583067), (  34.0172421741008577,  6.7759035426943246), (  39.8924707932241063,  13.1716252165503676), (  37.1827926929252470,  25.9021701564128151), (  25.5159618039801686,  27.1824057038429032), (  20.1673983489913979,  17.8256508563458738)} 
67    42.0678358621380184 72.0000003625672349 {   68,  110,   14,  111,   71,    5}, {(  39.8924712202935083,  58.8283739447318652), (  49.8007395905633743,  63.0047623540485091), (  49.8007394631770879,  80.9952385880478971), (  39.8924710352738003,  85.1716267083295975), (  34.0172426188950894,  78.7759047209154346), (  34.0172427141420499,  65.2240958170786911)} 
68    30.2999533800700469 54.6952971272263326 {  152,   31,  110,   67,    5,   70}, {(  25.5159619726517128,  44.8175937853249948), (  37.1827928870456432,  46.0978290298272739), (  39.8924712202935225,  58.8283739447318652), (  34.0172427141420641,  65.2240958170786911), (  23.2282571349865954,  61.9856651128313914), (  20.1673986925283657,  54.1743487643624064)} 
69    13.6264647949536197 81.7168506846720106 {  153,   70,    5,   71,  154,   32}, {(  10.1294340971374961,  72.0000000711941368), (  16.5222748410528801,  72.0000001187637082), (  23.2282569945591995,  82.0143352246555679), (  20.1673984448654799,  89.8256515164024592), (  9.8759701626400744,  91.0515573503750062), (  3.5291854909976927,  81.4695916063517558)} 
70    13.6264649310582318 62.2831495063260476 {   33,  152,   68,    5,   69,  153}, {(  9.8759704260006238,  52.9484427804570501), (  20.1673986925283657,  54.1743487643624064), (  23.2282571349865812,  61.9856651128313914), (  16.5222748410528801,  72.0000001187637082), (  10.1294340971374961,  72.0000000711941368), (  3.5291856237068076,  62.5304084426984872)} 
71    30.2999531391812980 89.3047033198911464 {   69,    5,   67,  111,   34,  154}, {(  23.2282569945591995,  82.0143352246555679), (  34.0172426188950894,  78.7759047209154346), (  39.8924710352738003,  85.1716267083295975), (  37.1827925322028321,  97.9021715189168731), (  25.5159616031663816,  99.1824065539360191), (  20.1673984448654799,  89.8256515164024592)} 
72    42.0678344349267661 144.0000013815876514 {   74,  108,   13,  107,   73,    6}, {(  39.8924700982580802,  130.8283751318734289), (  49.8007383514879933,  135.0047639339230159), (  49.8007378660719269,  152.9952396560043439), (  39.8924693932274366,  157.1716273566624977), (  34.0172410710664153,  150.7759053662787210), (  34.0172414340116660,  137.2240966837860014)} 
73    30.2999514464940276 161.3047037044420620 {   75,    6,   72,  107,   24,  139}, {(  23.2282554027460613,  154.0143355939703724), (  34.0172410710664153,  150.7759053662787210), (  39.8924693932274366,  157.1716273566624977), (  37.1827907541349703,  169.9021718245101340), (  25.5159598251393369,  171.1824067259164508), (  20.1673967473879756,  161.8256517540881418)} 
74    30.2999523644168285 126.6952979993316291 {  158,   34,  108,   72,    6,   76}, {(  25.5159612330920815,  116.8175945668626383), (  37.1827921062906981,  118.0978302665225357), (  39.8924700982580802,  130.8283751318734289), (  34.0172414340116731,  137.2240966837860014), (  23.2282559378548576,  133.9856656920481726), (  20.1673976911257604,  126.1743493157884473)} 
75    13.6264632085331225 153.7168508969351421 {  159,   76,    6,   73,  139,   35}, {(  10.1294326844918317,  144.0000002712901335), (  16.5222734204787791,  144.0000004525578561), (  23.2282554027460613,  154.0143355939703724), (  20.1673967473879756,  161.8256517540881418), (  9.8759684554504279,  163.0515574559825325), (  3.5291839087509218,  153.4695916611796633)} 
76    13.6264637271707922 134.2831498308767380 {   36,  158,   74,    6,   75,  159}, {(  9.8759694590055158,  124.9484430425623458), (  20.1673976911257604,  126.1743493157884473), (  23.2282559378548576,  133.9856656920481441), (  16.5222734204787791,  144.0000004525578845), (  10.1294326844918317,  144.0000002712901335), (  3.5291844144503761,  134.5304085257290296)} 
77    -42.0678342825165714 143.9999986183632643 {   20,  129,   81,    7,   80,  128}, {( -49.8007377146024339,  135.0047603712098976), ( -39.8924692457753522,  130.8283726719483582), ( -34.0172409200441095,  137.2240946455643495), ( -34.0172412830122894,  150.7759033044049772), ( -39.8924699504694757,  157.1716248391777526), ( -49.8007382002309669,  152.9952360385347561)} 
78    -13.6264635781270425 153.7168501630841035 {    7,   79,  159,   35,  138,   80}, {( -16.5222732687471954,  143.9999995474068726), ( -10.1294325335947590,  143.9999997286634823), ( -3.5291842653417036,  153.4695914727129491), ( -9.8759693161782991,  163.0515569490421512), ( -20.1673975469208315,  161.8256506674324555), ( -23.2282557888698449,  154.0143342967059823)} 
79    -13.6264630595212282 134.2831491090227019 {   81,  160,   36,  159,   78,    7}, {( -20.1673966033094523,  126.1743482626496160), ( -9.8759683126257816,  124.9484425523408362), ( -3.5291837596760525,  134.5304083402745619), ( -10.1294325335947590,  143.9999997286634823), ( -16.5222732687471954,  143.9999995474068726), ( -23.2282552538240132,  133.9856644172094491)} 
80    -30.2999522196939921 161.3047019746190358 {   77,    7,   78,  138,   37,  128}, {( -34.0172412830122894,  150.7759033044049772), ( -23.2282557888698449,  154.0143342967059823), ( -20.1673975469208315,  161.8256506674324555), ( -25.5159610985860716,  171.1824054005599294), ( -37.1827919695213964,  169.9021696837299373), ( -39.8924699504694473,  157.1716248391777526)} 
81    -30.2999513019257556 126.6952963215946681 {  129,   38,  160,   79,    7,   77}, {( -37.1827906175995295,  118.0978282252084597), ( -25.5159596907263406,  116.8175933066212906), ( -20.1673966033094523,  126.1743482626496160), ( -23.2282552538240132,  133.9856644172094491), ( -34.0172409200441095,  137.2240946455643495), ( -39.8924692457753522,  130.8283726719483582)} 
82    -42.0678358142019633 215.9999995086802187 {  130,   85,    8,   86,  131,   21}, {( -39.8924709567338454,  202.8283731845117757), ( -34.0172425547646355,  209.2240951871479524), ( -34.0172426838392283,  222.7759040838479052), ( -39.8924712073280006,  229.1716259304273535), ( -49.8007395641983095,  224.9952374708997240), ( -49.8007393915059211,  207.0047612523818543)} 
83    -13.6264647247304538 206.2831492832365257 {   85,  135,   23,  132,   84,    8}, {( -20.1673983563130932,  198.1743484388988747), ( -9.8759700717410617,  196.9484426289541545), ( -3.5291854213625324,  206.5304083853892223), ( -10.1294340505192970,  215.9999999035107123), ( -16.5222747939431223,  215.9999998390547375), ( -23.2282569235698482,  205.9856647188453280)} 
84    -13.6264649091498793 225.7168504579194348 {    8,   83,  132,   22,  145,   86}, {( -16.5222747939431223,  215.9999998390547375), ( -10.1294340505192970,  215.9999999035106839), ( -3.5291856011808274,  225.4695915481086104), ( -9.8759704286110761,  235.0515571937339132), ( -20.1673986918678203,  233.8256511806304729), ( -23.2282571138354044,  226.0143348238156022)} 
85    -30.2999530516524977 198.6952966087248456 {  130,   37,  135,   83,    8,   82}, {( -37.1827924267787253,  190.0978283989688293), ( -25.5159614959857954,  188.8175933958567612), ( -20.1673983563130932,  198.1743484388988463), ( -23.2282569235698482,  205.9856647188453280), ( -34.0172425547646355,  209.2240951871479524), ( -39.8924709567338738,  202.8283731845117757)} 
86    -30.2999533780173280 233.3047027853978079 {   82,    8,   84,  145,   39,  131}, {( -34.0172426838392283,  222.7759040838479052), ( -23.2282571138354044,  226.0143348238156022), ( -20.1673986918678203,  233.8256511806304729), ( -25.5159619966301392,  243.1824061444082758), ( -37.1827929075308887,  241.9021708574363174), ( -39.8924712073280006,  229.1716259304273535)} 
87    -42.0678353344333260 288.0000010779847344 {   17,  119,   90,    9,   91,  120}, {( -49.8007391910559463,  279.0047633776650855), ( -39.8924708921363234,  274.8283746886109498), ( -34.0172422854881944,  281.2240963886430336), ( -34.0172420022923632,  294.7759052108384026), ( -39.8924703423175018,  301.1716272532647736), ( -49.8007388121577108,  296.9952394235339170)} 
88    -13.6264645500001418 278.2831497155087277 {   90,  144,   27,  141,   89,    9}, {( -20.1673984383423210,  270.1743490992928969), ( -9.8759701919460792,  268.9484429384501709), ( -3.5291852390813943,  278.5304084963388505), ( -10.1294335753735627,  288.0000002117029112), ( -16.5222743162057171,  288.0000003531237098), ( -23.2282567584142079,  277.9856654845439152)} 
89    -13.6264641453712745 297.7168508524102890 {    9,   88,  141,   26,  151,   91}, {( -16.5222743162057171,  288.0000003531237098), ( -10.1294335753735627,  288.0000002117029112), ( -3.5291848445481913,  297.4695916495728056), ( -9.8759694089523951,  307.0515574505831751), ( -20.1673977021148012,  305.8256517354826656), ( -23.2282563409587937,  298.0143355188901069)} 
90    -30.2999531174229304 270.6952976583408486 {  119,   39,  144,   88,    9,   87}, {( -37.1827927643048923,  262.0978297431198598), ( -25.5159618721525128,  260.8175942325897836), ( -20.1673984383423210,  270.1743490992928969), ( -23.2282567584142079,  277.9856654845439152), ( -34.0172422854882157,  281.2240963886430336), ( -39.8924708921363020,  274.8283746886108929)} 
91    -30.2999524013598212 305.3047036709929216 {   87,    9,   89,  151,   40,  120}, {( -34.0172420022923632,  294.7759052108384026), ( -23.2282563409587937,  298.0143355188901069), ( -20.1673977021148012,  305.8256517354826656), ( -25.5159607737080592,  315.1824067760977641), ( -37.1827917095042366,  313.9021718883755625), ( -39.8924703423175018,  301.1716272532647736)} 
92    -42.0678335062336544 0.0000011575520237 {  122,   95,   10,   96,  123,   18}, {( -39.8924691412528816,  346.8283751056330289), ( -34.0172404843456206,  353.2240965896242528), ( -34.0172401802456150,  6.7759051279137363), ( -39.8924685508532875,  13.1716269795745120), ( -49.8007369834028566,  8.9952391979635760), ( -49.8007373902674857,  351.0047638099925962)} 
93    -13.6264627768033382 350.2831498084545387 {   95,  150,   30,  147,   94,   10}, {( -20.1673967360344975,  342.1743493311881252), ( -9.8759685071227050,  340.9484430531157955), ( -3.5291834647395781,  350.5304085197953441), ( -10.1294317647923915,  0.0000002273286132), ( -16.5222724957531106,  0.0000003791879639), ( -23.2282549865969479,  349.9856656561370301)} 
94    -13.6264623423080558 9.7168508013827903 {   10,   93,  147,   29,  157,   96}, {( -16.5222724957531106,  0.0000003791879639), ( -10.1294317647923915,  0.0000002273286132), ( -3.5291830410856235,  9.4695916368856050), ( -9.8759676663351623,  19.0515573646319858), ( -20.1673959454671596,  17.8256515652013050), ( -23.2282545383297361,  10.0143354213594407)} 
95    -30.2999514083431443 342.6952980199104672 {  122,   40,  150,   93,   10,   92}, {( -37.1827911637273090,  334.0978304000915955), ( -25.5159602993774364,  332.8175946604836213), ( -20.1673967360344975,  342.1743493311881252), ( -23.2282549865969479,  349.9856656561370301), ( -34.0172404843456206,  353.2240965896242528), ( -39.8924691412528816,  346.8283751056330289)} 
96    -30.2999506394289924 17.3047034075413890 {   92,   10,   94,  157,   41,  123}, {( -34.0172401802456363,  6.7759051279137363), ( -23.2282545383297219,  10.0143354213594407), ( -20.1673959454671738,  17.8256515652013050), ( -25.5159591198571007,  27.1824064226550028), ( -37.1827900310732105,  25.9021713518250749), ( -39.8924685508532875,  13.1716269795745120)} 
97    -42.0678328561142010 71.9999996374211690 {  126,  101,   11,  100,  125,   19}, {( -39.8924681237470509,  58.8283738592661152), ( -34.0172396404542638,  65.2240955123433963), ( -34.0172397357071929,  78.7759039496737188), ( -39.8924683086774294,  85.1716254875861978), ( -49.8007366052118030,  80.9952371059197560), ( -49.8007364777693979,  63.0047619519004840)} 
98    -13.6264618556363466 62.2831494336264768 {  101,  156,   33,  153,   99,   11}, {( -20.1673956019223084,  54.1743488141145377), ( -9.8759673456388271,  52.9484428144877057), ( -3.5291825504165928,  62.5304084233428625), ( -10.1294311209374417,  71.9999999287944519), ( -16.5222718483883035,  71.9999998812277937), ( -23.2282540567096412,  61.9856649964882251)} 
99    -13.6264619917325991 81.7168503753555910 {   11,   98,  153,   32,  161,  100}, {( -16.5222718483883035,  71.9999998812277937), ( -10.1294311209374417,  71.9999999287944519), ( -3.5291826831173361,  81.4695915275801070), ( -9.8759676089984634,  91.0515570546623394), ( -20.1673958495514007,  89.8256509051102370), ( -23.2282541971198171,  82.0143346660087786)} 
100   -30.2999505271522303 89.3047023591249740 {   97,   11,   99,  161,   38,  125}, {( -34.0172397357071929,  78.7759039496737188), ( -23.2282541971198029,  82.0143346660087786), ( -20.1673958495514007,  89.8256509051102370), ( -25.5159593206425974,  99.1824055725261502), ( -37.1827901917719856,  97.9021699892789030), ( -39.8924683086774294,  85.1716254875861978)} 
101   -30.2999502863056414 54.6952971937555930 {  126,   41,  156,   98,   11,   97}, {( -37.1827898369917733,  46.0978294619702993), ( -25.5159589511815241,  44.8175940882039612), ( -20.1673956019223191,  54.1743488141145377), ( -23.2282540567096412,  61.9856649964882251), ( -34.0172396404542638,  65.2240955123433963), ( -39.8924681237470509,  58.8283738592661152)} 
102   62.5550639415480845 180.0000024905937153 {  107,   13,   43,   42,   12,  104}, {(  56.8294059895737576,  163.0049341669005400), (  65.6266898220071937,  158.2385541283008195), (  72.7225257208639704,  180.0000042178857029), (  65.6266888285776560,  201.7614511786236164), (  56.8294052280958084,  196.9950696115251105), (  52.6050597544928564,  180.0000016854986313)} 
103   62.5550632882187827 251.9999992198729899 {  105,   12,   42,   46,   16,  115}, {(  56.8294048688891138,  235.0049319713712634), (  65.6266885524575372,  230.2385511782232186), (  72.7225250691720788,  251.9999986788332649), (  65.6266888636284023,  273.7614471594925476), (  56.8294051074071191,  268.9950668451161846), (  52.6050591020031533,  251.9999994720518259)} 
104   46.9130840094959041 192.6754507816972364 {   24,  107,  102,   12,   52,   55}, {(  42.0365717349793542,  180.0000011556681159), (  52.6050597544928493,  180.0000016854986313), (  56.8294052280958084,  196.9950696115251105), (  49.8007366723286040,  207.0047630521118265), (  39.8924683870508616,  202.8283746193634727), (  37.1827902967859174,  190.0978300927124280)} 
105   46.9130835729914537 239.3245502887622536 {   56,   52,   12,  103,  115,   25}, {(  39.8924681363377047,  229.1716262655754690), (  49.8007364997104389,  224.9952382244906630), (  56.8294048688891138,  235.0049319713712634), (  52.6050591020031320,  251.9999994720518259), (  42.0365710889834716,  251.9999996380112179), (  37.1827898159504215,  241.9021706508728187)} 
106   62.5550657787722457 108.0000023193984902 {  111,   14,   44,   43,   13,  108}, {(  56.8294077088325977,  91.0049332343611610), (  65.6266915236289492,  86.2385524427709242), (  72.7225275534834452,  108.0000039279633768), (  65.6266905984843589,  129.7614524993724388), (  56.8294069996960971,  124.9950702843481309), (  52.6050615893559907,  108.0000015696444962)} 
107   46.9130845813242559 167.3245518983774787 {   73,   72,   13,  102,  104,   24}, {(  39.8924693932274366,  157.1716273566624977), (  49.8007378660719269,  152.9952396560043439), (  56.8294059895737576,  163.0049341669005685), (  52.6050597544928564,  180.0000016854986313), (  42.0365717349793542,  180.0000011556681159), (  37.1827907541349703,  169.9021718245101340)} 
108   46.9130858088149623 120.6754511118562334 {   34,  111,  106,   13,   72,   74}, {(  42.0365735515837216,  108.0000010762322233), (  52.6050615893559907,  108.0000015696444962), (  56.8294069996960971,  124.9950702843481309), (  49.8007383514879862,  135.0047639339230159), (  39.8924700982580802,  130.8283751318734289), (  37.1827921062906981,  118.0978302665225499)} 
109   62.5550662609094985 35.9999989428740861 {  114,   15,   45,   44,   14,  110}, {(  56.8294076507090153,  19.0049304624891775), (  65.6266913057387882,  14.2385484509796836), (  72.7225280344121643,  35.9999982097293127), (  65.6266917273972723,  57.7614492965109250), (  56.8294079739166094,  52.9950679337687731), (  52.6050620708737497,  35.9999992845948640)} 
110   46.9130866634654780 48.6754494059674130 {   31,  114,  109,   14,   67,   68}, {(  42.0365740283106746,  35.9999995094802117), (  52.6050620708737569,  35.9999992845948640), (  56.8294079739166094,  52.9950679337687731), (  49.8007395905633601,  63.0047623540485091), (  39.8924712202935083,  58.8283739447318652), (  37.1827928870456432,  46.0978290298272739)} 
111   46.9130863413383210 95.3245513840013103 {   71,   67,   14,  106,  108,   34}, {(  39.8924710352737861,  85.1716267083295975), (  49.8007394631770879,  80.9952385880478971), (  56.8294077088325977,  91.0049332343611610), (  52.6050615893559907,  108.0000015696444962), (  42.0365735515837216,  108.0000010762322233), (  37.1827925322028321,  97.9021715189168731)} 
112   62.5550647216631788 323.9999970272613155 {  116,   16,   46,   45,   15,  113}, {(  56.8294058955274011,  307.0049296819184406), (  65.6266894694539786,  302.2385476694454383), (  72.7225264990240419,  323.9999949655885416), (  65.6266906551979616,  345.7614459962827596), (  56.8294068044169478,  340.9950658082050268), (  52.6050605336052968,  323.9999979882117032)} 
113   46.9130853923480799 336.6754480215109311 {   28,  116,  112,   15,   62,   63}, {(  42.0365725063392972,  323.9999986206099720), (  52.6050605336052968,  323.9999979882117032), (  56.8294068044169478,  340.9950658082050268), (  49.8007386771951488,  351.0047604958198804), (  39.8924702025419435,  346.8283726985287103), (  37.1827915600740653,  334.0978280916969538)} 
114   46.9130864207542402 23.3245494564827531 {   66,   62,   15,  109,  110,   31}, {(  39.8924707932240921,  13.1716252165503676), (  49.8007390838825685,  8.9952364964999774), (  56.8294076507090153,  19.0049304624891775), (  52.6050620708737497,  35.9999992845948640), (  42.0365740283106959,  35.9999995094802117), (  37.1827926929252470,  25.9021701564128151)} 
115   46.9130837521058552 264.6754488717597837 {   25,  105,  103,   16,   57,   58}, {(  42.0365710889834716,  251.9999996380112179), (  52.6050591020031320,  251.9999994720518259), (  56.8294051074071405,  268.9950668451161846), (  49.8007368736265761,  279.0047609272481282), (  39.8924684515019194,  274.8283731154741645), (  37.1827899592060476,  262.0978287485968963)} 
116   46.9130847098218169 311.3245487795878148 {   61,   57,   16,  112,  113,   28}, {(  39.8924690015825121,  301.1716249429137520), (  49.8007372523592409,  296.9952362718091763), (  56.8294058955274011,  307.0049296819184406), (  52.6050605336052968,  323.9999979882117032), (  42.0365725063392972,  323.9999986206099720), (  37.1827910141883038,  313.9021696199322378)} 
117   -62.5550648747111850 324.0000029748938459 {   47,   17,  120,  122,   18,   48}, {( -65.6266907978400269,  302.2385538787541464), ( -56.8294069501836461,  307.0049341259236257), ( -52.6050606864718802,  324.0000020120483555), ( -56.8294060406465320,  340.9950703860714043), ( -65.6266896157721789,  345.7614524561314511), ( -72.7225266516947357,  324.0000050281372523)} 
118   -62.5550663068365651 252.0000007806933695 {   51,   21,  131,  119,   17,   47}, {( -65.6266917127834262,  230.2385503698549485), ( -56.8294079761112769,  235.0049318350808107), ( -52.6050621170472255,  252.0000005280156472), ( -56.8294077374243187,  268.9950693489896594), ( -65.6266914025771086,  273.7614512925921417), ( -72.7225280803511680,  252.0000013195221698)} 
119   -46.9130864980375009 264.6754504054406993 {  118,  131,   39,   90,   87,   17}, {( -52.6050621170472255,  252.0000005280156472), ( -42.0365740749221999,  252.0000003620819484), ( -37.1827927643048923,  262.0978297431198598), ( -39.8924708921363020,  274.8283746886109498), ( -49.8007391910559463,  279.0047633776650855), ( -56.8294077374243187,  268.9950693489896594)} 
120   -46.9130855406014362 311.3245519436159725 {   17,   87,   91,   40,  122,  117}, {( -49.8007388121577108,  296.9952394235339739), ( -39.8924703423175018,  301.1716272532647736), ( -37.1827917095042366,  313.9021718883755625), ( -42.0365726577306233,  324.0000013797420024), ( -52.6050606864718944,  324.0000020120483555), ( -56.8294069501836461,  307.0049341259236257)} 
121   -62.5550633368815028 36.0000010578932290 {   48,   18,  123,  126,   19,   49}, {( -65.6266889664002377,  14.2385530969118062), ( -56.8294051953005734,  19.0049333453266982), ( -52.6050591503073264,  36.0000007154976061), ( -56.8294048718629696,  52.9950682591700968), ( -65.6266885460494507,  57.7614491558172176), ( -72.7225251175895409,  36.0000017880396541)} 
122   -46.9130848581743436 336.6754512559252817 {  117,  120,   40,   95,   92,   18}, {( -52.6050606864718802,  324.0000020120483555), ( -42.0365726577306233,  324.0000013797420024), ( -37.1827911637273090,  334.0978304000915955), ( -39.8924691412528816,  346.8283751056330289), ( -49.8007373902674857,  351.0047638099925962), ( -56.8294060406465320,  340.9950703860714043)} 
123   -46.9130838300714927 23.3245512665157690 {   18,   92,   96,   41,  126,  121}, {( -49.8007369834028566,  8.9952391979635760), ( -39.8924685508532875,  13.1716269795745120), ( -37.1827900310732105,  25.9021713518250749), ( -42.0365711359365548,  36.0000004906456752), ( -52.6050591503073264,  36.0000007154976061), ( -56.8294051953005734,  19.0049333453266982)} 
124   -62.5550638185753058 107.9999976789208063 {   49,   19,  125,  129,   20,   50}, {( -65.6266887494516169,  86.2385491048066086), ( -56.8294051366504078,  91.0049305720462769), ( -52.6050596314797758,  107.9999984301538660), ( -56.8294058462918201,  124.9950659075926751), ( -65.6266896717278314,  129.7614459525717052), ( -72.7225255981162206,  107.9999960769306853)} 
125   -46.9130839094280105 95.3245493386351797 {   19,   97,  100,   38,  129,  124}, {( -49.8007366052118314,  80.9952371059197560), ( -39.8924683086774294,  85.1716254875861978), ( -37.1827901917719856,  97.9021699892788888), ( -42.0365716126070978,  107.9999989234939335), ( -52.6050596314797758,  107.9999984301538660), ( -56.8294051366504078,  91.0049305720462769)} 
126   -46.9130835873963434 48.6754498712625576 {  121,  123,   41,  101,   97,   19}, {( -52.6050591503073264,  36.0000007154976061), ( -42.0365711359365548,  36.0000004906456752), ( -37.1827898369917733,  46.0978294619702993), ( -39.8924681237470509,  58.8283738592661152), ( -49.8007364777693979,  63.0047619519004840), ( -56.8294048718629696,  52.9950682591700968)} 
127   -62.5550656541077927 179.9999975076017336 {   50,   20,  128,  130,   21,   51}, {( -65.6266904468105565,  158.2385474193928303), ( -56.8294068552861233,  163.0049296386631283), ( -52.6050614650251447,  179.9999983142835731), ( -56.8294076173064155,  196.9950665811386727), ( -65.6266914371596926,  201.7614472731711999), ( -72.7225274292045043,  179.9999957873710059)} 
128   -46.9130856690037632 167.3245488242378940 {   20,   77,   80,   37,  130,  127}, {( -49.8007382002309669,  152.9952360385347561), ( -39.8924699504694757,  157.1716248391777526), ( -37.1827919695213964,  169.9021696837299373), ( -42.0365734290010664,  179.9999988440371226), ( -52.6050614650251731,  179.9999983142835731), ( -56.8294068552861233,  163.0049296386631283)} 
129   -46.9130844418734512 120.6754481650097688 {  124,  125,   38,   81,   77,   20}, {( -52.6050596314797758,  107.9999984301538660), ( -42.0365716126070978,  107.9999989234939335), ( -37.1827906175995295,  118.0978282252084597), ( -39.8924692457753522,  130.8283726719483582), ( -49.8007377146024339,  135.0047603712098976), ( -56.8294058462918201,  124.9950659075926751)} 
130   -46.9130862407490454 192.6754484951513575 {  127,  128,   37,   85,   82,   21}, {( -52.6050614650251731,  179.9999983142835731), ( -42.0365734290010664,  179.9999988440371226), ( -37.1827924267787253,  190.0978283989688293), ( -39.8924709567338454,  202.8283731845117757), ( -49.8007393915059211,  207.0047612523818543), ( -56.8294076173064155,  196.9950665811386727)} 
131   -46.9130866771241557 239.3245504342056904 {   21,   82,   86,   39,  119,  118}, {( -49.8007395641983095,  224.9952374708997240), ( -39.8924712073280006,  229.1716259304273535), ( -37.1827929075308887,  241.9021708574363174), ( -42.0365740749221999,  252.0000003620819484), ( -52.6050621170472255,  252.0000005280156472), ( -56.8294079761112769,  235.0049318350808107)} 
132   -0.0000014420854349 215.9999999999901092 {   83,   23,   54,   53,   22,   84}, {( -3.5291854213625324,  206.5304083853892223), (  3.5291827527453723,  206.5304084806507205), (  10.1294311675800266,  216.0000000964722915), (  3.5291825729151056,  225.4695915858160618), ( -3.5291856011808398,  225.4695915481086104), ( -10.1294340505192970,  215.9999999035107123)} 
133   15.5691559864262938 243.3295927430147856 {   22,   53,   56,   25,  140,  134}, {(  9.8759673430090764,  235.0515572113282872), (  20.1673956024161640,  233.8256512409285222), (  25.5159589270733491,  243.1824059821132664), (  21.5932845345553055,  251.9999998409186048), (  10.0776610582162611,  251.9999999295395696), (  5.4553368255689705,  243.4695915496809846)} 
134   -0.0000014889708693 252.0000000000042348 {  145,   22,  133,  140,   27,  144}, {( -5.4553398922648517,  243.4695915842578131), (  5.4553368255689705,  243.4695915496809846), (  10.0776610582162611,  251.9999999295395696), (  5.4553369461285319,  260.5304083736260168), ( -5.4553397717014347,  260.5304084924534891), ( -10.0776640364162997,  252.0000000704652052)} 
135   -15.5691585516674387 188.6704068926104583 {   37,  138,  137,   23,   83,   85}, {( -21.5932868726265141,  179.9999994921003861), ( -10.0776633921330561,  179.9999997750375087), ( -5.4553393870931535,  188.5304083225308602), ( -9.8759700717410617,  196.9484426289541545), ( -20.1673983563130932,  198.1743484388988463), ( -25.5159614959857954,  188.8175933958567612)} 
136   15.5691564893440102 188.6704075254667998 {  137,  139,   24,   55,   54,   23}, {(  10.0776617025028514,  180.0000002249476267), (  21.5932851800011711,  180.0000005078744891), (  25.5159594277504524,  188.8175944776079973), (  20.1673959380152290,  198.1743491395259582), (  9.8759676998802117,  196.9484429659573834), (  5.4553373307568007,  188.5304085435067236)} 
137   -0.0000008447418471 179.9999999999878355 {  138,   35,  139,  136,   23,  135}, {( -5.4553390021893717,  171.4695914325680235), (  5.4553377156492209,  171.4695917013421536), (  10.0776617025028656,  180.0000002249476267), (  5.4553373307568007,  188.5304085435067236), ( -5.4553393870931535,  188.5304083225308602), ( -10.0776633921330561,  179.9999997750375087)} 
138   -15.5691581604781302 171.3295924038970952 {   80,   78,   35,  137,  135,   37}, {( -20.1673975469208315,  161.8256506674324555), ( -9.8759693161782991,  163.0515569490421512), ( -5.4553390021893717,  171.4695914325680235), ( -10.0776633921330561,  179.9999997750375087), ( -21.5932868726265070,  179.9999994921003861), ( -25.5159610985860716,  171.1824054005599294)} 
139   15.5691568805190812 171.3295931779867090 {   35,   75,   73,   24,  136,  137}, {(  9.8759684554504279,  163.0515574559825325), (  20.1673967473879898,  161.8256517540881418), (  25.5159598251393369,  171.1824067259164508), (  21.5932851800011711,  180.0000005078744891), (  10.0776617025028656,  180.0000002249476267), (  5.4553377156492209,  171.4695917013421536)} 
140   15.5691561089537789 260.6704070366424730 {  134,  133,   25,   58,   60,   27}, {(  10.0776610582162611,  251.9999999295395696), (  21.5932845345553055,  251.9999998409186048), (  25.5159590515472843,  260.8175936409075462), (  20.1673958559352258,  270.1743484791650758), (  9.8759675796762991,  268.9484426565078365), (  5.4553369461285319,  260.5304083736260168)} 
141   -0.0000009667383321 288.0000000000227374 {   88,   27,   60,   59,   26,   89}, {( -3.5291852390813943,  278.5304084963388505), (  3.5291829350105317,  278.5304083697591864), (  10.1294316427216149,  287.9999997883334117), (  3.5291833295683008,  297.4695914844108984), ( -3.5291848445481913,  297.4695916495728056), ( -10.1294335753735627,  288.0000002117029112)} 
142   15.5691572123865161 315.3295923742927016 {   26,   59,   61,   28,  146,  143}, {(  9.8759683626728219,  307.0515569545167978), (  20.1673965922606442,  305.8256506860937520), (  25.5159601500643198,  315.1824053504371932), (  21.5932859507043773,  323.9999993938087073), (  10.0776624718210552,  323.9999997315063069), (  5.4553380545416355,  315.4695914219158794)} 
143   -0.0000000754923575 324.0000000000155183 {  151,   26,  142,  146,   30,  150}, {( -5.4553386633236105,  315.4695917120604918), (  5.4553380545416355,  315.4695914219158794), (  10.0776624718210552,  323.9999997315063069), (  5.4553385139441843,  332.5304082858373818), ( -5.4553382039080338,  332.5304085802522422), ( -10.0776626228192558,  324.0000002685128493)} 
144   -15.5691589320348811 260.6704073814628941 {   39,  145,  134,   27,   88,   90}, {( -21.5932875180332964,  252.0000001590895522), ( -10.0776640364162997,  252.0000000704652052), ( -5.4553397717014347,  260.5304084924534891), ( -9.8759701919460792,  268.9484429384501709), ( -20.1673984383423210,  270.1743490992928969), ( -25.5159618721525128,  260.8175942325897836)} 
145   -15.5691590545670238 243.3295928388924096 {   86,   84,   22,  134,  144,   39}, {( -20.1673986918678203,  233.8256511806304729), ( -9.8759704286110761,  235.0515571937339132), ( -5.4553398922648517,  243.4695915842578131), ( -10.0776640364162997,  252.0000000704652052), ( -21.5932875180332964,  252.0000001590895522), ( -25.5159619966301392,  243.1824061444082474)} 
146   15.5691576792877040 332.6704067860762848 {  143,  142,   28,   63,   65,   30}, {(  10.0776624718210552,  323.9999997315063069), (  21.5932859507043773,  323.9999993938087073), (  25.5159606243822950,  332.8175932130531578), (  20.1673975583178731,  342.1743482473016797), (  9.8759692645115429,  340.9484425418627893), (  5.4553385139441843,  332.5304082858373818)} 
147   0.0000008446084616 0.0000000000244292 {   93,   30,   65,   64,   29,   94}, {( -3.5291834647395781,  350.5304085197953441), (  3.5291847093620672,  350.5304083463031475), (  10.1294334532874561,  0.0000000000000000), (  3.5291851330425983,  9.4695914971024333), ( -3.5291830410856235,  9.4695916368856050), ( -10.1294317647923915,  0.0000002273286132)} 
148   15.5691588641636827 27.3295925813800800 {   29,   64,   66,   31,  152,  149}, {(  9.8759701053009952,  19.0515570404520140), (  20.1673983489913979,  17.8256508563458738), (  25.5159618039801686,  27.1824057038429032), (  21.5932874713789964,  35.9999997844343511), (  10.0776639897628488,  35.9999999045222552), (  5.4553397041679865,  27.4695914946139474)} 
149   0.0000014423131060 36.0000000000059401 {  157,   29,  148,  152,   33,  156}, {( -5.4553370137205413,  27.4695916393555670), (  5.4553397041679865,  27.4695914946139474), (  10.0776639897628488,  35.9999999045222552), (  5.4553398675350913,  44.5304084014616421), ( -5.4553368503493909,  44.5304084645931795), ( -10.0776611048863280,  36.0000000954850350)} 
150   -15.5691573617245300 332.6704076320428953 {   40,  151,  143,   30,   93,   95}, {( -21.5932861019706870,  324.0000006062224429), ( -10.0776626228192558,  324.0000002685128493), ( -5.4553382039080338,  332.5304085802522422), ( -9.8759685071227050,  340.9484430531157955), ( -20.1673967360344832,  342.1743493311881252), ( -25.5159602993774364,  332.8175946604836781)} 
151   -15.5691578286422079 315.3295932076371741 {   91,   89,   26,  143,  150,   40}, {( -20.1673977021147870,  305.8256517354826656), ( -9.8759694089523951,  307.0515574505832319), ( -5.4553386633236105,  315.4695917120604918), ( -10.0776626228192558,  324.0000002685128493), ( -21.5932861019706870,  324.0000006062224429), ( -25.5159607737080592,  315.1824067760977641)} 
152   15.5691590301973655 44.6704071200420287 {  149,  148,   31,   68,   70,   33}, {(  10.0776639897628488,  35.9999999045222552), (  21.5932874713789822,  35.9999997844343511), (  25.5159619726517128,  44.8175937853249948), (  20.1673986925283657,  54.1743487643624064), (  9.8759704260006114,  52.9484427804570501), (  5.4553398675350913,  44.5304084014616421)} 
153   0.0000014887350700 71.9999999999924825 {   98,   33,   70,   69,   32,   99}, {( -3.5291825504165799,  62.5304084233428625), (  3.5291856237068076,  62.5304084426984872), (  10.1294340971374961,  72.0000000711941368), (  3.5291854909976927,  81.4695916063517558), ( -3.5291826831173361,  81.4695915275801070), ( -10.1294311209374417,  71.9999999287944519)} 
154   15.5691586590592284 99.3295930780897294 {   32,   69,   71,   34,  158,  155}, {(  9.8759701626400744,  91.0515573503750062), (  20.1673984448654799,  89.8256515164024592), (  25.5159616031663816,  99.1824065539360191), (  21.5932869950582216,  108.0000004729649703), (  10.0776635142989051,  108.0000002094853073), (  5.4553394947214375,  99.4695916673080376)} 
155   0.0000009668915655 107.9999999999886597 {  161,   32,  154,  158,   36,  160}, {( -5.4553372231512505,  99.4695914666200025), (  5.4553394947214375,  99.4695916673080376), (  10.0776635142989051,  108.0000002094853073), (  5.4553391362854438,  116.5304085607099580), ( -5.4553375815984015,  116.5304083053119655), ( -10.0776615803481988,  107.9999997905010360)} 
156   -15.5691560108510885 44.6704072980586986 {   41,  157,  149,   33,   98,  101}, {( -21.5932845813883603,  36.0000002155769536), ( -10.0776611048863156,  36.0000000954850705), ( -5.4553368503493909,  44.5304084645931795), ( -9.8759673456388271,  52.9484428144877057), ( -20.1673956019223084,  54.1743488141145377), ( -25.5159589511815241,  44.8175940882039612)} 
157   -15.5691561768903188 27.3295930005374395 {   96,   94,   29,  149,  156,   41}, {( -20.1673959454671596,  17.8256515652013050), ( -9.8759676663351623,  19.0515573646319858), ( -5.4553370137205413,  27.4695916393555670), ( -10.0776611048863156,  36.0000000954850705), ( -21.5932845813883461,  36.0000002155769536), ( -25.5159591198571007,  27.1824064226550028)} 
158   15.5691582947718530 116.6704075770105504 {  155,  154,   34,   74,   76,   36}, {(  10.0776635142989051,  108.0000002094853073), (  21.5932869950582216,  108.0000004729649703), (  25.5159612330920815,  116.8175945668626383), (  20.1673976911257604,  126.1743493157884473), (  9.8759694590055158,  124.9484430425623458), (  5.4553391362854438,  116.5304085607099580)} 
159   0.0000000754805837 143.9999999999702709 {   79,   36,   76,   75,   35,   78}, {( -3.5291837596760525,  134.5304083402745619), (  3.5291844144503632,  134.5304085257290296), (  10.1294326844918317,  144.0000002712901335), (  3.5291839087509218,  153.4695916611796633), ( -3.5291842653417036,  153.4695914727129491), ( -10.1294325335947590,  143.9999997286634823)} 
160   -15.5691567462768425 116.6704068410650592 {   38,  161,  155,   36,   79,   81}, {( -21.5932850576795907,  107.9999995270119939), ( -10.0776615803481988,  107.9999997905010360), ( -5.4553375815984015,  116.5304083053119655), ( -9.8759683126257816,  124.9484425523408504), ( -20.1673966033094523,  126.1743482626496160), ( -25.5159596907263406,  116.8175933066212906)} 
161   -15.5691563819764927 99.3295925037988781 {  100,   99,   32,  155,  160,   38}, {( -20.1673958495514007,  89.8256509051102370), ( -9.8759676089984634,  91.0515570546623394), ( -5.4553372231512505,  99.4695914666200025), ( -10.0776615803481988,  107.9999997905010360), ( -21.5932850576795907,  107.9999995270119939), ( -25.5159593206425974,  99.1824055725261502)} 
