ID    NODE_LAT     NODE_LON     FRIENDS LIST                          CENTROID COORD LIST
0      26.570000     0.000000   {  10,    6,    1,    2,    7,   -1}, {( 40.088263,  13.341305), ( 20.096626,  17.708494), (  9.087292,   0.000000), ( 20.096626, 342.291506), ( 40.088263, 346.658695), ( -1.000000,  -1.000000)} 
1       0.000000    18.000000   {   6,    8,    4,    5,    2,    0}, {( 10.814161,  36.000000), (-10.814161,  36.000000), (-20.096626,  17.708494), ( -9.087292,   0.000000), (  9.087292,   0.000000), ( 20.096626,  17.708494)} 
2       0.000000   342.000000   {   0,    1,    5,   16,    9,    7}, {(  9.087292,   0.000000), ( -9.087292,   0.000000), (-20.096626, 342.291506), (-10.814161, 324.000000), ( 10.814161, 324.000000), ( 20.096626, 342.291506)} 
3     -26.570000    72.000000   {  19,   15,   11,    4,    8,   -1}, {(-20.096626,  89.708494), (-40.088263,  85.341305), (-40.088263,  58.658695), (-20.096626,  54.291506), ( -9.087292,  72.000000), ( -1.000000,  -1.000000)} 
4     -31.723007    36.000000   {   8,    3,   11,   12,    5,    1}, {(-20.096626,  54.291506), (-40.088263,  58.658695), (-52.626005,  36.000000), (-40.088263,  13.341305), (-20.096626,  17.708494), (-10.814161,  36.000000)} 
5     -26.570000     0.000000   {   1,    4,   12,   16,    2,   -1}, {(-20.096626,  17.708494), (-40.088263,  13.341305), (-40.088263, 346.658695), (-20.096626, 342.291506), ( -9.087292,   0.000000), ( -1.000000,  -1.000000)} 
6      31.723007    36.000000   {  17,   13,    8,    1,    0,   10}, {( 40.088263,  58.658695), ( 20.096626,  54.291506), ( 10.814161,  36.000000), ( 20.096626,  17.708494), ( 40.088263,  13.341305), ( 52.626005,  36.000000)} 
7      31.723007   324.000000   {  10,    0,    2,    9,   14,   18}, {( 40.088263, 346.658695), ( 20.096626, 342.291506), ( 10.814161, 324.000000), ( 20.096626, 305.708494), ( 40.088263, 301.341305), ( 52.626005, 324.000000)} 
8       0.000000    54.000000   {  13,   19,    3,    4,    1,    6}, {(  9.087292,  72.000000), ( -9.087292,  72.000000), (-20.096626,  54.291506), (-10.814161,  36.000000), ( 10.814161,  36.000000), ( 20.096626,  54.291506)} 
9       0.000000   306.000000   {   7,    2,   16,   28,   21,   14}, {( 10.814161, 324.000000), (-10.814161, 324.000000), (-20.096626, 305.708494), ( -9.087292, 288.000000), (  9.087292, 288.000000), ( 20.096626, 305.708494)} 
10     58.285000     0.000000   {  20,   17,    6,    0,    7,   18}, {( 72.521997,  36.000000), ( 52.626005,  36.000000), ( 40.088263,  13.341305), ( 40.088263, 346.658695), ( 52.626005, 324.000000), ( 72.521997, 324.000000)} 
11    -58.285000    72.000000   {   3,   15,   23,   22,   12,    4}, {(-40.088263,  85.341305), (-52.626005, 108.000000), (-72.521997, 108.000000), (-72.521997,  36.000000), (-52.626005,  36.000000), (-40.088263,  58.658695)} 
12    -58.285000     0.000000   {   5,    4,   11,   22,   24,   16}, {(-40.088263,  13.341305), (-52.626005,  36.000000), (-72.521997,  36.000000), (-72.521997, 324.000000), (-52.626005, 324.000000), (-40.088263, 346.658695)} 
13     26.570000    72.000000   {  17,   25,   19,    8,    6,   -1}, {( 40.088263,  85.341305), ( 20.096626,  89.708494), (  9.087292,  72.000000), ( 20.096626,  54.291506), ( 40.088263,  58.658695), ( -1.000000,  -1.000000)} 
14     26.570000   288.000000   {  18,    7,    9,   21,   26,   -1}, {( 40.088263, 301.341305), ( 20.096626, 305.708494), (  9.087292, 288.000000), ( 20.096626, 270.291506), ( 40.088263, 274.658695), ( -1.000000,  -1.000000)} 
15    -31.723007   108.000000   {  32,   27,   23,   11,    3,   19}, {(-20.096626, 126.291506), (-40.088263, 130.658695), (-52.626005, 108.000000), (-40.088263,  85.341305), (-20.096626,  89.708494), (-10.814161, 108.000000)} 
16    -31.723007   324.000000   {   2,    5,   12,   24,   28,    9}, {(-20.096626, 342.291506), (-40.088263, 346.658695), (-52.626005, 324.000000), (-40.088263, 301.341305), (-20.096626, 305.708494), (-10.814161, 324.000000)} 
17     58.285000    72.000000   {  20,   29,   25,   13,    6,   10}, {( 72.521997, 108.000000), ( 52.626005, 108.000000), ( 40.088263,  85.341305), ( 40.088263,  58.658695), ( 52.626005,  36.000000), ( 72.521997,  36.000000)} 
18     58.285000   288.000000   {  10,    7,   14,   26,   30,   20}, {( 52.626005, 324.000000), ( 40.088263, 301.341305), ( 40.088263, 274.658695), ( 52.626005, 252.000000), ( 72.521997, 252.000000), ( 72.521997, 324.000000)} 
19      0.000000    90.000000   {  25,   32,   15,    3,    8,   13}, {( 10.814161, 108.000000), (-10.814161, 108.000000), (-20.096626,  89.708494), ( -9.087292,  72.000000), (  9.087292,  72.000000), ( 20.096626,  89.708494)} 
20     90.000000   180.000000   {  18,   30,   29,   17,   10,   -1}, {( 72.521997, 252.000000), ( 72.521997, 180.000000), ( 72.521997, 108.000000), ( 72.521997,  36.000000), ( 72.521997, 324.000000), ( -1.000000,  -1.000000)} 
21      0.000000   270.000000   {  14,    9,   28,   35,   33,   26}, {(  9.087292, 288.000000), ( -9.087292, 288.000000), (-20.096626, 270.291506), (-10.814161, 252.000000), ( 10.814161, 252.000000), ( 20.096626, 270.291506)} 
22    -90.000000   216.000000   {  31,   24,   12,   11,   23,   -1}, {(-72.521997, 252.000000), (-72.521997, 324.000000), (-72.521997,  36.000000), (-72.521997, 108.000000), (-72.521997, 180.000000), ( -1.000000,  -1.000000)} 
23    -58.285000   144.000000   {  34,   31,   22,   11,   15,   27}, {(-52.626005, 180.000000), (-72.521997, 180.000000), (-72.521997, 108.000000), (-52.626005, 108.000000), (-40.088263, 130.658695), (-40.088263, 157.341305)} 
24    -58.285000   288.000000   {  28,   16,   12,   22,   31,   35}, {(-40.088263, 301.341305), (-52.626005, 324.000000), (-72.521997, 324.000000), (-72.521997, 252.000000), (-52.626005, 252.000000), (-40.088263, 274.658695)} 
25     31.723007   108.000000   {  29,   36,   32,   19,   13,   17}, {( 40.088263, 130.658695), ( 20.096626, 126.291506), ( 10.814161, 108.000000), ( 20.096626,  89.708494), ( 40.088263,  85.341305), ( 52.626005, 108.000000)} 
26     31.723007   252.000000   {  18,   14,   21,   33,   38,   30}, {( 40.088263, 274.658695), ( 20.096626, 270.291506), ( 10.814161, 252.000000), ( 20.096626, 233.708494), ( 40.088263, 229.341305), ( 52.626005, 252.000000)} 
27    -26.570000   144.000000   {  39,   34,   23,   15,   32,   -1}, {(-20.096626, 161.708494), (-40.088263, 157.341305), (-40.088263, 130.658695), (-20.096626, 126.291506), ( -9.087292, 144.000000), ( -1.000000,  -1.000000)} 
28    -26.570000   288.000000   {   9,   16,   24,   35,   21,   -1}, {(-20.096626, 305.708494), (-40.088263, 301.341305), (-40.088263, 274.658695), (-20.096626, 270.291506), ( -9.087292, 288.000000), ( -1.000000,  -1.000000)} 
29     58.285000   144.000000   {  20,   30,   37,   36,   25,   17}, {( 72.521997, 180.000000), ( 52.626005, 180.000000), ( 40.088263, 157.341305), ( 40.088263, 130.658695), ( 52.626005, 108.000000), ( 72.521997, 108.000000)} 
30     58.285000   216.000000   {  18,   26,   38,   37,   29,   20}, {( 52.626005, 252.000000), ( 40.088263, 229.341305), ( 40.088263, 202.658695), ( 52.626005, 180.000000), ( 72.521997, 180.000000), ( 72.521997, 252.000000)} 
31    -58.285000   216.000000   {  41,   35,   24,   22,   23,   34}, {(-40.088263, 229.341305), (-52.626005, 252.000000), (-72.521997, 252.000000), (-72.521997, 180.000000), (-52.626005, 180.000000), (-40.088263, 202.658695)} 
32      0.000000   126.000000   {  36,   39,   27,   15,   19,   25}, {(  9.087292, 144.000000), ( -9.087292, 144.000000), (-20.096626, 126.291506), (-10.814161, 108.000000), ( 10.814161, 108.000000), ( 20.096626, 126.291506)} 
33      0.000000   234.000000   {  26,   21,   35,   41,   40,   38}, {( 10.814161, 252.000000), (-10.814161, 252.000000), (-20.096626, 233.708494), ( -9.087292, 216.000000), (  9.087292, 216.000000), ( 20.096626, 233.708494)} 
34    -31.723007   180.000000   {  40,   41,   31,   23,   27,   39}, {(-20.096626, 198.291506), (-40.088263, 202.658695), (-52.626005, 180.000000), (-40.088263, 157.341305), (-20.096626, 161.708494), (-10.814161, 180.000000)} 
35    -31.723007   252.000000   {  21,   28,   24,   31,   41,   33}, {(-20.096626, 270.291506), (-40.088263, 274.658695), (-52.626005, 252.000000), (-40.088263, 229.341305), (-20.096626, 233.708494), (-10.814161, 252.000000)} 
36     26.570000   144.000000   {  29,   37,   39,   32,   25,   -1}, {( 40.088263, 157.341305), ( 20.096626, 161.708494), (  9.087292, 144.000000), ( 20.096626, 126.291506), ( 40.088263, 130.658695), ( -1.000000,  -1.000000)} 
37     31.723007   180.000000   {  30,   38,   40,   39,   36,   29}, {( 40.088263, 202.658695), ( 20.096626, 198.291506), ( 10.814161, 180.000000), ( 20.096626, 161.708494), ( 40.088263, 157.341305), ( 52.626005, 180.000000)} 
38     26.570000   216.000000   {  30,   26,   33,   40,   37,   -1}, {( 40.088263, 229.341305), ( 20.096626, 233.708494), (  9.087292, 216.000000), ( 20.096626, 198.291506), ( 40.088263, 202.658695), ( -1.000000,  -1.000000)} 
39      0.000000   162.000000   {  37,   40,   34,   27,   32,   36}, {( 10.814161, 180.000000), (-10.814161, 180.000000), (-20.096626, 161.708494), ( -9.087292, 144.000000), (  9.087292, 144.000000), ( 20.096626, 161.708494)} 
40      0.000000   198.000000   {  38,   33,   41,   34,   39,   37}, {(  9.087292, 216.000000), ( -9.087292, 216.000000), (-20.096626, 198.291506), (-10.814161, 180.000000), ( 10.814161, 180.000000), ( 20.096626, 198.291506)} 
41    -26.570000   216.000000   {  33,   35,   31,   34,   40,   -1}, {(-20.096626, 233.708494), (-40.088263, 229.341305), (-40.088263, 202.658695), (-20.096626, 198.291506), ( -9.087292, 216.000000), ( -1.000000,  -1.000000)} 
