0.000000000000000000e+00
1.704087577900411210e+00
2.022265082730423824e+00
2.163863495609797294e+00
2.244528215036718510e+00
2.297941861751558790e+00
2.337553679643090021e+00
2.369919582739146158e+00
2.398763598778469674e+00
2.426498225106854978e+00
2.454880125081318809e+00
2.485323987135460655e+00
2.519065337603851873e+00
2.557250588889056875e+00
2.600989517546041352e+00
2.651387205694741400e+00
2.709564206659431651e+00
2.776669677387079815e+00
2.853890159315661812e+00
2.942455583226625482e+00
3.043643453626565076e+00
3.158781810460955963e+00
3.289251351270603418e+00
3.436486965336037702e+00
3.601978847805865414e+00
3.787273310251150438e+00
3.993973365908519035e+00
4.223739147518947412e+00
4.478288197526773651e+00
4.759395659855647942e+00
